46
滘口66
坦尾67
中山八68
西场69
西村70
小北71
淘金72
区庄73
动物园74
五羊邨75
猎德76
潭村77
员村78
科韵路79
车陂南80
东圃81
三溪82
鱼珠83
大沙地84
大沙东85
文冲86
浔峰岗87
横沙88
沙贝89
河沙90
如意坊91
文化公园92
一德路93
北京路94
团一大广场95
东湖96
黄花岗97
沙河顶98
沙河99
天平架100
长湴101
植物园102
龙洞103
柯木塱104
高塘石105
黄陂106
金峰107
暹岗108
苏元109
萝岗110
香雪111
54
66 67 1.6
67 68 3.2
68 69 1.4
69 70 1.4
70 37 1.7
37 71 2.5
71 72 1.1
72 73 1.1
73 74 1.1
74 56 1.0
56 75 1.2
75 15 0.71
15 76 1.1
76 77 1.4
77 78 1.9
78 79 1.4
79 80 1.4
80 81 1.4
81 82 1.6
82 83 1.8
83 84 1.5
84 85 1.3
85 86 1.1
87 88  0.86
88 89 0.79
89 90 2.2
90 67 1.1
67 91 1.9
91 61 1.2
61 92 0.89
92 93 0.97
93 41 0.96
41 94 0.55
94 95 0.88
95 96 1.1
96 55 1.5
55 73 1.1
73 97 0.94
97 98 1.0
98 99 1.0
99 100  2.0
100 11 0.66
11 29 2.5
29 101 1.3
101 102 2.2
102 103 1.5
103 104 1.9
104 105 1.5
105 106 2.5
106 107 2.2
107 108 1.4
108 109 0.99
109 110 1.6
110 111 2.0

5
0
5
5
5
5
5
0
5
5
5
5
5
5
5
5
5
5
5
5
5
6
6
6
6
6
6
6
6
6
6
6
6
6
6
6
6
6
6
6
6
6
6
6
6
6
