112
机场北
机场南
高增
人和
龙归
嘉禾望岗
白云大道北
永泰
同和
京溪南方医院
梅花园
燕塘
广州东站
林和西
体育西路
珠江新城
广州塔
客村
大塘
沥滘
厦滘
大石
汉溪长隆
市桥
番禺广场
石牌桥
岗顶
华师
五山
天河客运站
黄边
江夏
萧岗
白云文化广场
白云公园
飞翔公园
三元里
广州火车站
越秀公园
纪念堂
公园前
海珠广场
市二宫
江南西
昌岗
江泰路
东晓南
南洲
洛溪
南浦
会江
石壁
广州南站
农讲所
烈士陵园
东山口
杨箕
体育中心
西门口
陈家祠
长寿路
黄沙
芳村
花地湾
坑口
西朗
滘口
坦尾
中山八
西场
西村
小北
淘金
区庄
动物园
五羊邨
猎德
潭村
员村
科韵路
车陂南
东圃
三溪
鱼珠
大沙地
大沙东
文冲
浔峰岗
横沙
沙贝
河沙
如意坊
文化公园
一德路
北京路
团一大广场
东湖
黄花岗
沙河顶
沙河
天平架
长湴
植物园
龙洞
柯木塱
高塘石
黄陂
金峰
暹岗
苏元
萝岗
香雪
121
0 1 1.12
1 2 3.56
2 3 2.46
3 4 5.53
4 5 6.27
5 6 2.29
6 7 0.83
7 8 3.42
8 9 1.39
9 10 1.31
10 11 1.967
11 12 1.05
12 13 1.07
13 14 1.17
14 15 1.3
14 25 1.33
15 16 1.49
16 17 1.18
17 18 2.05
18 19 2.57
19 20 1.9
20 21 2.24
21 22 3.09
22 23 6.17
23 24 3.86
25 26 0.84
26 27 0.89
27 28 1.6
28 29 2.42
 5 30 1.76
30 31 1.25
31 32 1.55
32 33 1.06
33 34 1.03
34 35 1.61
35 36 1.26
36 37 1.4
37 38 1.02
38 39 0.87
39 40 0.8
40 41 1.21
41 42 1.04
42 43 1.05
43 44 0.8
44 45 1.02
45 46 1.93
46 47 0.96
47 48 2.3
48 49 1.17
49 50 2.47
50 51 2.32
51 52 1.02
12 57 1.84
57 14 0.05
14 56 1.41
56 55 1.42
55 54 1.06
54 53 1.06
53 40 1.15
40 58 0.86
58 59 0.99
59 60 1.16
60 61 0.89
61 62 1.43
62 63 1.32
63 64 0.94
64 65 1.55
66 67 1.6
67 68 3.2
68 69 1.4
69 70 1.4
70 37 1.7
37 71 2.5
71 72 1.1
72 73 1.1
73 74 1.1
74 56 1.0
56 75 1.2
75 15 0.71
15 76 1.1
76 77 1.4
77 78 1.9
78 79 1.4
79 80 1.4
80 81 1.4
81 82 1.6
82 83 1.8
83 84 1.5
84 85 1.3
85 86 1.1
87 88  0.86
88 89 0.79
89 90 2.2
90 67 1.1
67 91 1.9
91 61 1.2
61 92 0.89
92 93 0.97
93 41 0.96
41 94 0.55
94 95 0.88
95 96 1.1
96 55 1.5
55 73 1.1
73 97 0.94
97 98 1.0
98 99 1.0
99 100  2.0
100 11 0.66
11 29 2.5
29 101 1.3
101 102 2.2
102 103 1.5
103 104 1.9
104 105 1.5
105 106 2.5
106 107 2.2
107 108 1.4
108 109 0.99
109 110 1.6
110 111 2.0
112
3
3
3
3
3
0
3
3
3
3
3
0
0
3
0
0
3
3
3
3
3
3
3
3
3
3
3
3
3
0
2
2
2
2
2
2
2
0
2
2
0
0
2
2
2
2
2
2
2
2
2
2
2
1
1
0
0
1
1
1
1
0
1
1
1
1
5
0
5
5
5
5
5
0
5
5
5
5
5
5
5
5
5
5
5
5
5
6
6
6
6
6
6
6
6
6
6
6
6
6
6
6
6
6
6
6
6
6
6
6
6
6